0
-0.9425
-0.9425
-0.9425
-0.9996
-0.9589
-0.8243
-0.6090
-0.3341
-0.0265
0.2837
0.5661
0.7931
0.9425
0.9996
0.9589
0.8243
0.6090
0.3342
0.0265
-0.2837
-0.5661
-0.7931
-0.9425
-0.9996
-0.9589
-0.8244
-0.6090
-0.3342
-0.0266
0.2837
0.5661
0.7931
0.9425
0.9997
0.9589
0.8243
0.6090
0.3342
0.0265
-0.2837
-0.5661
-0.7931
-0.9425
-0.9997
-0.9589
-0.8243
-0.6091
-0.3341
-0.0265
0.2837
0.5661
0.7931
0.9425
0.9997
0.9589
0.8243
0.6091
0.3342
0.0265
-0.2837
-0.5661
-0.7931
-0.9425
-0.9997
-0.9589
-0.8243
-0.6090
-0.3341
-0.0265
0.2837
0.5661
0.7931
0.9425
0.9996
0.9589
0.8243
0.6091
0.3341
0.0265
-0.2837
-0.5661
-0.7931
-0.9425
-0.9996
-0.9589
-0.8243
-0.6090
-0.3341
-0.0265
0.2837
0.5661
0.7931
0.9425
0.9996
0.9589
0.8243
0.6091
0.3341
0.0265
0.2837
0.5661
0.7931
0.9425
0.9996
0.9589
0.8243
0.6091
0.3342
0.0265
0.2837
0.5661
0.7931
0.9425
0.9996
0.9589
0.8243
0.6090
0.3342
0.0265
-0.2837
-0.5661
-0.7931
-0.9425
-0.9996
-0.9589
-0.8243
-0.6091
-0.3341
-0.0265
0.2837
0.5661
0.7931
0.9425
0.9997
0.9589
0.8243
0.6090
0.3341
0.0265
0.2837
0.5661
0.7931
0.9425
0.9997
0.9589
0.8243
0.6090
0.3341
0.0265
0.2837
0.5661
0.7931
0.9425
0.9997
0.9589
0.8243
0.6090
0.3341
0.0265
0.2837
0.5661
0.7931
0.9425
0.9997
0.9589
0.8243
0.6090
0.3341
0.0265
0.2837
0.5661
0.7931
0.9425
0.9996
0.9589
0.8243
0.6090
0.3341
0.0265
0.2837
0.5661
0.7931
0.9425
0.9997
0.9589
0.8243
0.6090
0.3341
0.0265
0.2837
0.5661
0.7931
0.9425
0.9996
0.9589
0.8243
0.6090
0.3341
0.0265
0.2837
0.5661
0.7931
0.9425
0.9997
0.9589
0.8243
0.6091
0.3341
0.0265
0.2837
0.5661
0.7931
0.9425
0.9997
0.9589
0.8243
0.6090
0.3341
0.0265
0.2837
0.5661
0.7931
0.9425
0.9996
0.9589
0.8243
0.6091
0.3341
0.0265
0.2837
0.5661
0.7931
0.9425
0.9997
0.9589
0.8243
0.6090
0.3341
0.0265
0.2837
0.5661
0.7931
0.9425
0.9996
0.9589
0.8243
0.6090
0.3341
0.0265
0.2837
0.5661
0.7931
0.9425
0.9997
0.9589
0.8243
0.6090
0.3341
0.0265
0.2837
0.5661
0.7931
0.9425
0.9997
0.9589
0.8243
0.6090
0.3341
0.0265
0.2837
0.5661
0.7931
0.9425
0.9996
0.9589
0.8243
0.6090
0.3341
0.0265
-0.2837
-0.5661
-0.7931
-0.9425
-0.9996
-0.9589
-0.8243
-0.6090
-0.3341
-0.0265
-0.2837
-0.5661
-0.7931
-0.9425
-0.9997
-0.9589
-0.8243
-0.6090
-0.3341
-0.0265
0.2837
0.5661
0.7931
0.9425
0.9996
0.9589
0.8243
0.6090
0.3341
0.0265
0.2837
0.5661
0.7931
0.9425
0.9997
0.9589
0.8243
0.6090
0.3341
0.0265
-0.2837
-0.5661
-0.7931
-0.9425
-0.9996
-0.9589
-0.8243
-0.6090
-0.3342
-0.0265
-0.2837
-0.5661
-0.7932
-0.9425
-0.9997
-0.9589
-0.8243
-0.6090
-0.3341
-0.0265
0.2837
0.5661
0.7932
0.9425
0.9996
0.9589
0.8243
0.6091
0.3341
0.0265
0.2837
0.5661
0.7932
0.9425
0.9997
0.9589
0.8243
0.6091
0.3341
0.0265
0.2837
0.5661
0.7931
0.9425
0.9996
0.9589
0.8243
0.6090
0.3341
0.0265
0.2837
0.5661
0.7931
0.9425
0.9997
0.9589
0.8243
0.6090
0.3342
0.0265
0.2837
0.5661
0.7931
0.9425
0.9996
0.9589
0.8243
0.6090
0.3341
0.0265
0.2837
0.5661
0.7932
0.9425
0.9996
0.9589
0.8243
0.6090
0.3341
0.0265
0.2837
0.5661
0.7931
0.9425
0.9997
0.9589
0.8243
0.6090
0.3341
0.0265
0.2837
0.5661
0.7932
0.9425
0.9996
0.9589
0.8243
0.6090
0.3341
0.0265
0.2837
0.5661
0.7931
0.9425
0.9997
0.9589
0.8243
0.6090
0.3341
0.0265
0.2837
0.5661
0.7931
0.9425
0.9996
0.9589
0.8243
0.6090
0.3341
0.0265
0.2837
0.5661
0.7931
0.9425
0.9996
0.9589
0.8243
0.6090
0.3341
0.0265
0.2837
0.5661
0.7932
0.9425
0.9996
0.9589
0.8243
0.6090
0.3341
0.0265
-0.2837
-0.5661
-0.7931
-0.9425
-0.9996
-0.9589
-0.8243
-0.6090
-0.3341
-0.0265
-0.2837
-0.5661
-0.7931
-0.9425
-0.9996
-0.9589
-0.8243
-0.6090
-0.3341
-0.0265
0.2837
0.5661
0.7932
0.9425
0.9997
0.9589
0.8243
0.6090
0.3341
0.0265
0.2837
0.5661
0.7931
0.9425
0.9997
0.9589
0.8243
0.6090
0.3341
0.0265
0.2837
0.5661
0.7931
0.9425
0.9996
0.9589
0.8243
0.6090
0.3341
0.0265
0.2837
0.5661
0.7932
0.9425
0.9997
0.9589
0.8243
0.6090
0.3341
0.0265
-0.2837
-0.5661
-0.7931
-0.9425
-0.9996
-0.9589
-0.8243
-0.6090
-0.3341
-0.0265
0.2837
0.5661
0.7931
0.9425
0.9997
0.9589
0.8243
0.6090
0.3341
0.0265
-0.2837
-0.5661
-0.7932
-0.9425
-0.9997
-0.9589
-0.8243
-0.6090
-0.3341
-0.0265
0.2837
0.5662
0.7931
0.9425
0.9996
0.9589
0.8243
0.6090
0.3341
0.0265
-0.2837
-0.5661
-0.7931
-0.9425
-0.9996
-0.9589
-0.8243
-0.6090
-0.3341
-0.0265
0.2837
0.5661
0.7932
0.9425
0.9997
0.9589
0.8243
0.6090
0.3341
0.0265
-0.2837
-0.5661
-0.7932
-0.9425
-0.9996
-0.9589
-0.8243
-0.6090
-0.3341
-0.0265
0.2837
0.5661
0.7932
0.9425
0.9996
0.9589
0.8243
0.6090
0.3341
0.0265
0.2837
0.5661
0.7932
0.9425
0.9996
0.9589
0.8243
0.6090
0.3341
0.0265
0.2837
0.5661
0.7932
0.9425
0.9996
0.9589
0.8243
0.6090
0.3341
0.0265
-0.2837
-0.5661
-0.7932
-0.9425
-0.9996
-0.9589
-0.8243
-0.6090
-0.3341
-0.0265
0.2837
0.5661
0.7932
0.9425
0.9996
0.9589
0.8243
0.6090
0.3341
0.0265
0.2837
0.5662
0.7931
0.9425
0.9996
0.9589
0.8243
0.6090
0.3341
0.0265
0.2837
0.5661
0.7932
0.9425
0.9996
0.9589
0.8243
0.6090
0.3341
0.0265
0.2837
0.5661
0.7932
0.9425
0.9997
0.9589
0.8243
0.6090
0.3341
0.0265
0.2837
0.5662
0.7932
0.9426
0.9996
0.9589
0.8243
0.6090
0.3341
0.0265
0.2837
0.5661
0.7932
0.9425
0.9996
0.9589
0.8243
0.6090
0.3341
0.0265
0.2837
0.5661
0.7932
0.9425
0.9996
0.9589
0.8243
0.6090
0.3341
0.0265
0.2837
0.5662
0.7932
0.9425
0.9996
0.9589
0.8243
0.6090
0.3341
0.0265
0.2837
0.5662
0.7932
0.9425
0.9997
0.9589
0.8243
0.6090
0.3341
0.0265
0.2837
0.5662
0.7932
0.9425
0.9997
0.9589
0.8243
0.6090
0.3341
0.0265
0.2837
0.5661
0.7932
0.9426
0.9996
0.9589
0.8243
0.6090
0.3341
0.0265
0.2837
0.5661
0.7932
0.9425
0.9996
0.9589
0.8243
0.6090
0.3341
0.0265
0.2837
0.5661
0.7932
0.9425
0.9996
0.9589
0.8243
0.6090
0.3341
0.0265
0.2837
0.5662
0.7932
0.9425
0.9997
0.9589
0.8243
0.6090
0.3341
0.0265
0.2837
0.5661
0.7932
0.9425
0.9996
0.9589
0.8243
0.6090
0.3341
0.0265
-0.2837
-0.5661
-0.7932
-0.9425
-0.9996
-0.9589
-0.8243
-0.6090
-0.3341
-0.0265
0.2837
0.5661
0.7932
0.9425
0.9996
0.9589
0.8243
0.6090
0.3341
0.0265
0.2837
0.5661
0.7932
0.9425
0.9996
0.9589
0.8243
0.6090
0.3341
0.0265
0.2837
0.5661
0.7931
0.9425
0.9996
0.9589
0.8243
0.6090
0.3341
0.0265
-0.2837
-0.5662
-0.7932
-0.9425
-0.9996
-0.9589
-0.8243
-0.6090
-0.3341
-0.0265
-0.2837
-0.5662
-0.7932
-0.9425
-0.9997
-0.9589
-0.8243
-0.6090
-0.3341
-0.0265
0.2837
0.5662
0.7932
0.9425
0.9997
0.9589
0.8243
0.6090
0.3341
0.0265
0.2837
0.5661
0.7932
0.9425
0.9997
0.9589
0.8243
0.6090
0.3341
0.0265
0.2837
0.5662
0.7932
0.9425
0.9996
0.9589
0.8243
0.6090
0.3341
0.0265
0.2837
0.5662
0.7932
0.9425
0.9996
0.9589
0.8243
0.6090
0.3341
0.0265
0.2837
0.5661
0.7932
0.9425
0.9997
0.9589
0.8243
0.6090
0.3341
0.0265
0.2837
0.5662
0.7932
0.9426
0.9997
0.9589
0.8243
0.6090
0.3341
0.0265
0.2837
0.5662
0.7932
0.9425
0.9996
0.9589
0.8243
0.6090
0.3341
0.0265
0.2837
0.5662
0.7932
0.9425
0.9996
0.9589
0.8243
0.6090
0.3341
0.0265
0.2837
0.5662
0.7932
0.9425
0.9996
0.9589
0.8243
0.6090
0.3341
0.0265
0.2837
0.5662
0.7932
0.9425
0.9997
0.9589
0.8243
0.6090
0.3341
0.0265
0.2837
0.5661
0.7932
0.9425
0.9997
0.9589
0.8243
0.6090
0.3341
0.0265
0.2837
0.5661
0.7932
0.9425
0.9997
0.9589
0.8243
0.6090
0.3341
0.0265
-0.2837
-0.5661
-0.7932
-0.9425
-0.9997
-0.9589
-0.8243
-0.6090
-0.3341
-0.0265
-0.2837
-0.5662
-0.7932
-0.9425
-0.9996
-0.9589
-0.8243
-0.6090
-0.3341
-0.0265
0.2837
0.5662
0.7932
0.9425
0.9997
0.9589
0.8243
0.6090
0.3341
0.0265
0.2837
0.5662
0.7932
0.9425
0.9996
0.9589
0.8243
0.6090
0.3341
0.0265
0.2837
0.5662
0.7932
0.9425
0.9996
0.9589
0.8243
0.6090
0.3341
0.0265
0.2837
0.5662
0.7932
0.9425
0.9996
0.9589
0.8243
0.6090
0.3341
0.0265
-0.2837
-0.5662
-0.7932
-0.9425
-0.9997
-0.9589
-0.8243
-0.6090
-0.3341
-0.0265
0.2837
0.5662
0.7932
0.9425
0.9997
0.9589
0.8243
0.6090
0.3341
0.0265
-0.2837
-0.5662
-0.7932
-0.9425
-0.9996
-0.9589
-0.8243
-0.6090
-0.3341
-0.0265
0.2837
0.5662
0.7932
0.9426
0.9997
0.9589
0.8243
0.6090
0.3341
0.0264
-0.2837
-0.5662
-0.7932
-0.9426
-0.9997
-0.9589
-0.8243
-0.6090
-0.3341
-0.0265
0.2837
0.5662
0.7932
0.9425
0.9997
0.9589
0.8243
0.6090
0.3341
0.0265
-0.2837
-0.5662
-0.7932
-0.9425
-0.9997
-0.9589
-0.8243
-0.6090
-0.3341
-0.0265
0.2837
0.5661
0.7932
0.9425
0.9997
0.9589
0.8243
0.6090
0.3341
0.0265
0.2837
0.5662
0.7932
0.9426
0.9996
0.9589
0.8243
0.6090
0.3341
0.0265
0.2837
0.5662
0.7932
0.9425
0.9996
0.9589
0.8243
0.6090
0.3341
0.0265
-0.2838
-0.5662
-0.7932
-0.9425
-0.9996
-0.9589
-0.8243
-0.6090
-0.3341
-0.0265
0.2837
0.5662
0.7932
0.9426
0.9996
0.9589
0.8243
0.6090
0.3341
0.0265
0.2837
0.5662
0.7932
0.9425
0.9996
0.9589
0.8243
0.6090
0.3341
0.0264
0.2837
0.5662
0.7932
0.9426
0.9996
0.9589
0.8243
0.6090
0.3341
0.0265
0.2838
0.5662
0.7932
0.9425
0.9997
0.9589
0.8243
0.6090
0.3341
0.0265
0.2838
0.5662
0.7932
0.9425
0.9997
0.9589
0.8243
0.6090
0.3341
0.0265
0.2837
0.5662
0.7932
0.9426
0.9996
0.9589
0.8243
0.6090
0.3341
0.0265
0.2838
0.5662
0.7932
0.9426
0.9996
0.9589
0.8243
0.6090
0.3341
0.0265
0.2838
0.5662
0.7932
0.9426
0.9997
0.9589
0.8243
0.6090
0.3341
0.0265
0.2837
0.5662
0.7932
0.9425
0.9997
0.9589
0.8243
0.6090
0.3341
0.0265
0.2837
0.5662
0.7932
0.9426
0.9997
0.9589
0.8243
0.6090
0.3341
0.0265
0.2837
0.5662
0.7932
0.9426
0.9997
0.9589
0.8243
0.6090
0.3341
0.0265
0.2837
0.5661
0.7932
0.9426
0.9997
0.9589
0.8243
0.6090
0.3341
0.0264
0.2837
0.5662
0.7932
0.9426
0.9997
0.9589
0.8243
0.6090
0.3341
0.0265
0.2837
0.5662
0.7932
0.9426
0.9997
0.9589
0.8243
0.6090
0.3341
0.0265
0.2837
0.5662
0.7932
0.9425
0.9997
0.9589
0.8243
0.6090
0.3341
0.0264
-0.2838
-0.5662
-0.7932
-0.9426
-0.9996
-0.9589
-0.8243
-0.6090
-0.3341
-0.0264
-0.2838
-0.5662
-0.7932
-0.9426
-0.9996
-0.9589
-0.8243
-0.6090
-0.3341
-0.0265
0.2837
0.5662
0.7932
0.9425
0.9997
0.9589
0.8243
0.6090
0.3341
0.0265
0.2838
0.5662
0.7932
0.9426
0.9996
0.9589
0.8243
0.6090
0.3341
0.0264
-0.2837
-0.5662
-0.7932
-0.9425
-0.9996
-0.9589
-0.8243
-0.6090
-0.3341
-0.0265
-0.2838
-0.5662
-0.7932
-0.9425
-0.9997
-0.9589
-0.8243
-0.6090
-0.3341
-0.0265
0.2837
0.5662
0.7932
0.9425
0.9997
0.9589
0.8243
0.6090
0.3341
0.0264
0.2837
0.5662
0.7932
0.9425
0.9996
0.9589
0.8243
0.6090
0.3341
0.0265
0.2837
0.5662
0.7932
0.9425
0.9997
0.9589
0.8243
0.6090
0.3341
0.0265
0.2838
0.5662
0.7932
0.9426
0.9997
0.9589
0.8243
0.6090
0.3341
0.0264
0.2838
0.5662
0.7932
0.9426
0.9997
0.9589
0.8243
0.6090
0.3341
0.0265
0.2838
0.5662
0.7932
0.9426
0.9997
0.9589
0.8243
0.6090
0.3341
0.0264
0.2838
0.5662
0.7932
0.9426
0.9997
0.9589
0.8243
0.6090
0.3340
0.0264
0.2838
0.5662
0.7932
0.9426
0.9997
0.9589
0.8243
0.6090
0.3341
0.0264
0.2838
0.5662
0.7932
0.9426
0.9997
0.9589
0.8243
0.6090
0.3341
0.0264
0.2838
0.5662
0.7932
0.9426
0.9997
0.9589
0.8243
0.6090
0.3341
0.0264
0.2837
0.5662
0.7932
0.9426
0.9997
0.9589
0.8243
0.6090
0.3341
0.0264
0.2838
0.5662
0.7932
0.9425
0.9996
0.9589
0.8243
0.6090
0.3341
0.0264
-0.2838
-0.5662
-0.7932
-0.9426
-0.9996
-0.9589
-0.8243
-0.6090
-0.3340
-0.0264
-0.2838
-0.5662
-0.7932
-0.9426
-0.9997
-0.9589
-0.8243
-0.6090
-0.3341
-0.0264
0.2838
0.5662
0.7932
0.9426
0.9996
0.9589
0.8243
0.6090
0.3340
0.0264
0.2838
0.5662
0.7932
0.9426
0.9997
0.9589
0.8243
0.6090
0.3341
0.0264
0.2838
0.5662
0.7932
0.9426
0.9996
0.9589
0.8243
0.6090
0.3340
0.0264
0.2838
0.5662
0.7932
0.9425
0.9996
0.9589
0.8243
0.6090
0.3341
0.0264
-0.2838
-0.5662
-0.7932
-0.9425
-0.9997
-0.9589
-0.8243
-0.6090
-0.3341
-0.0264
0.2838
0.5662
0.7932
0.9425
0.9996
0.9589
0.8243
0.6090
0.3340
0.0264
-0.2838
-0.5662
-0.7932
-0.9426
-0.9996
-0.9589
-0.8243
-0.6090
-0.3341
-0.0264
0.2838
0.5662
0.7932
0.9425
0.9996
0.9589
0.8243
0.6090
0.3341
0.0264
-0.2838
-0.5662
-0.7932
-0.9426
-0.9997
-0.9589
-0.8243
-0.6089
-0.3341
-0.0264
0.2838
0.5662
0.7932
0.9426
0.9997
0.9589
0.8243
0.6090
0.3341
0.0264
-0.2838
-0.5662
-0.7932
-0.9426
-0.9997
-0.9589
-0.8243
-0.6090
-0.3341
-0.0264
0.2838
0.5662
0.7932
0.9426
0.9996
0.9589
0.8243
0.6089
0.3340
0.0264
0.2838
0.5662
0.7932
0.9425
0.9997
0.9589
0.8243
0.6089
0.3340
0.0264
0.2838
0.5662
0.7932
0.9426
0.9996
0.9589
0.8243
0.6090
0.3340
0.0264
-0.2838
-0.5662
-0.7932
-0.9426
-0.9996
-0.9589
-0.8242
-0.6090
-0.3340
-0.0264
-0.2838
-0.5662
-0.7932
-0.9426
-0.9996
-0.9589
-0.8243
-0.6090
-0.3340
-0.0264
0.2838
0.5662
0.7932
0.9426
0.9996
0.9589
0.8243
0.6090
0.3340
0.0264
0.2838
0.5662
0.7932
0.9426
0.9997
0.9589
0.8243
0.6090
0.3340
0.0264
0.2838
0.5662
0.7932
0.9426
0.9997
0.9589
0.8243
0.6090
0.3340
0.0264
0.2838
0.5662
0.7932
0.9426
0.9996
0.9589
0.8243
0.6090
0.3340
0.0264
0.2838
0.5662
0.7932
0.9426
0.9996
0.9589
0.8243
0.6090
0.3340
0.0264
0.2838
0.5662
0.7932
0.9425
0.9997
0.9589
0.8243
0.6089
0.3340
0.0264
0.2838
0.5662
0.7932
0.9426
0.9997
0.9589
0.8243
0.6090
0.3340
0.0264
0.2838
0.5662
0.7932
0.9425
0.9996
0.9589
0.8243
0.6090
0.3340
0.0264
0.2838
0.5662
0.7932
0.9425
0.9997
0.9589
0.8243
0.6090
0.3340
0.0264
0.2838
0.5662
0.7932
0.9426
0.9997
0.9589
0.8243
0.6089
0.3340
0.0264
0.2838
0.5662
0.7932
0.9425
0.9996
0.9589
0.8243
0.6089
0.3340
0.0264
0.2838
0.5662
0.7932
0.9426
0.9997
0.9589
0.8242
0.6090
0.3340
0.0264
0.2838
0.5662
0.7932
0.9426
0.9997
0.9589
0.8243
0.6090
0.3340
0.0264
0.2838
0.5662
0.7932
0.9426
0.9997
0.9589
0.8243
0.6090
0.3340
0.0264
0.2838
0.5662
0.7932
0.9426
0.9997
0.9589
0.8243
0.6089
0.3340
0.0264
0.2838
0.5662
0.7932
0.9425
0.9996
0.9589
0.8243
0.6089
0.3340
0.0264
0.2838
0.5662
0.7932
0.9426
0.9996
0.9589
0.8243
0.6090
0.3340
0.0264
0.2838
0.5662
0.7932
0.9426
0.9996
0.9589
0.8243
0.6090
0.3340
0.0264
-0.2838
-0.5662
-0.7932
-0.9426
-0.9997
-0.9589
-0.8243
-0.6089
-0.3340
-0.0264
-0.2838
-0.5662
-0.7932
-0.9426
-0.9997
-0.9589
-0.8243
-0.6090
-0.3340
-0.0264
0.2838
0.5662
0.7932
0.9426
0.9996
0.9589
0.8242
0.6090
0.3340
0.0264
0.2838
0.5662
0.7932
0.9426
0.9997
0.9589
0.8243
0.6089
0.3340
0.0264
0.2838
0.5662
0.7932
0.9426
0.9996
0.9589
0.8243
0.6089
0.3340
0.0264
0.2838
0.5662
0.7932
0.9425
0.9997
0.9589
0.8243
0.6089
0.3340
0.0264
0.2838
0.5662
0.7932
0.9426
0.9997
0.9589
0.8242
0.6090
0.3340
0.0264
0.2838
0.5662
0.7932
0.9426
0.9997
0.9589
0.8243
0.6089
0.3340
0.0264
0.2838
0.5662
0.7932
0.9426
0.9997
0.9589
0.8243
0.6089
0.3340
0.0264
0.2838
0.5662
0.7932
0.9426
0.9996
0.9589
0.8243
0.6090
0.3340
0.0264
0.2838
0.5662
0.7932
0.9425
0.9996
0.9589
0.8243
0.6090
0.3340
0.0264
0.2838
0.5662
0.7932
0.9426
0.9996
0.9589
0.8243
0.6089
0.3340
0.0264
0.2838
0.5662
0.7932
0.9425
0.9997
0.9589
0.8242
0.6089
0.3340
0.0264
0.2838
0.5662
0.7932
0.9426
0.9997
0.9589
0.8243
0.6089
0.3340
0.0264
-0.2838
-0.5662
-0.7932
-0.9426
-0.9997
-0.9589
-0.8243
-0.6090
-0.3340
-0.0264
-0.2838
-0.5662
-0.7932
-0.9426
-0.9996
-0.9589
-0.8243
-0.6089
-0.3340
-0.0264
0.2838
0.5662
0.7932
0.9426
0.9996
0.9589
0.8242
0.6089
0.3340
0.0264
0.2838
0.5662
0.7932
0.9426
0.9997
0.9589
0.8242
0.6089
0.3340
0.0264
0.2838
0.5662
0.7932
0.9426
0.9996
0.9589
0.8242
0.6089
0.3340
0.0264